100
920 356
392 825
249 16
284 469
185 427
204 680
887 992
104 704
378 368
614 188
441 650
683 334
437 484
554 800
773 340
811 258
278 805
934 316
349 605
618 839
80 692
350 578
358 170
58 577
534 19
752 515
378 520
89 724
840 91
493 564
57 99
16 458
554 505
712 201
307 650
996 374
690 788
730 146
36 866
794 166
211 219
574 904
417 335
434 668
203 573
245 419
345 354
544 778
966 938
992 573
721 701
985 885
31 986
831 54
980 518
396 305
314 756
175 964
539 529
660 113
164 384
739 591
138 707
605 971
962 869
768 442
320 86
210 721
722 356
278 904
653 222
675 482
813 549
210 736
564 731
236 138
379 763
853 100
341 717
485 340
888 124
131 176
17 410
778 415
696 993
578 323
276 720
631 537
148 117
674 72
907 673
895 24
831 77
827 398
108 253
180 623
830 933
692 642
369 380
351 625
