100
320 284
971 677
313 198
428 731
933 903
972 937
551 548
332 792
191 701
839 955
778 195
877 615
356 745
797 843
622 860
292 860
150 84
300 397
538 556
393 699
58 155
686 608
601 424
341 699
152 103
26 290
659 549
211 580
970 241
66 452
992 880
82 22
798 296
700 676
601 335
141 46
432 468
624 719
599 488
793 981
189 466
55 939
85 827
278 980
621 593
314 994
658 578
20 522
271 247
189 665
562 113
495 214
407 873
915 646
508 700
634 885
368 443
554 634
728 615
22 41
977 844
370 670
925 896
989 381
647 699
197 47
874 983
492 686
814 742
75 259
432 725
104 930
296 693
675 686
105 198
450 944
638 605
122 277
688 281
706 466
805 758
339 869
569 272
113 993
805 777
783 370
706 432
32 334
182 146
320 175
229 467
710 834
272 878
76 841
172 959
789 643
441 632
810 841
238 516
173 79
