100
138 934
498 562
519 824
683 359
441 827
915 233
944 366
675 782
647 221
454 494
780 113
168 617
604 953
796 799
201 968
11 746
122 947
637 195
81 164
614 219
204 436
698 465
317 374
191 289
300 991
17 314
304 345
722 48
672 211
127 74
772 696
638 930
539 659
638 769
160 774
930 213
58 835
715 979
24 15
671 236
303 145
229 353
799 205
992 857
794 884
378 812
480 495
245 651
152 644
581 67
950 792
99 654
130 251
748 600
819 694
800 454
604 908
76 867
517 647
899 559
818 780
18 339
642 241
396 417
270 449
934 333
323 435
433 978
83 381
220 519
257 547
439 804
699 659
982 432
273 569
525 393
191 796
145 111
765 725
87 109
298 433
762 88
15 399
374 280
987 162
593 713
976 414
899 908
873 987
178 733
888 986
816 47
773 727
61 565
907 925
114 550
629 173
829 745
33 73
721 233
