100
688 313
21 873
407 765
361 642
606 511
722 957
655 717
983 461
811 490
568 284
507 762
747 465
596 893
55 646
471 179
56 548
857 253
449 927
573 495
760 854
511 653
293 600
276 936
280 88
501 408
303 705
714 917
451 880
490 788
798 211
703 384
857 533
750 713
280 307
85 137
527 162
301 195
356 201
935 361
471 837
895 307
618 275
563 821
551 569
58 835
734 575
666 978
245 977
810 28
452 873
625 224
114 702
634 680
263 262
575 615
952 605
918 251
683 494
739 906
54 845
855 89
290 677
868 94
110 819
930 719
498 300
33 440
818 672
262 118
376 571
593 79
34 565
760 933
968 84
665 803
977 924
529 41
382 610
780 376
507 984
176 385
765 888
211 368
684 813
457 844
27 64
546 608
279 175
739 559
742 104
310 884
20 222
717 326
825 71
204 896
240 126
391 416
745 232
127 694
85 738
